T/Tc	Delta/kBTc
1e-07	2.4641767065257434
0.010101108080808082	2.4641752614964023
0.020202116161616164	2.4641651468038748
0.030303124242424245	2.4641376894050517
0.04040413232323233	2.4640842137054286
0.050505140404040416	2.4639960404409385
0.06060614848484849	2.463864474181985
0.07070715656565658	2.4636808008960083
0.08080816464646466	2.4634362795830285
0.09090917272727274	2.4631221304412327
0.10101018080808083	2.4627295243706513
0.1111111888888889	2.462249569508191
0.12121219696969698	2.461673295970306
0.13131320505050506	2.460991639363304
0.14141421313131317	2.4601954232136363
0.15151522121212124	2.4592753428193244
0.16161622929292932	2.458221949022242
0.1717172373737374	2.457025633818987
0.18181824545454547	2.4556766268998227
0.19191925353535358	2.4541649922097997
0.20202026161616166	2.4524806343073005
0.21212126969696973	2.450613310971232
0.2222222777777778	2.4485526517566014
0.2323232858585859	2.44628818151762
0.24242429393939396	2.4438093471973983
0.25252530202020207	2.441105546209831
0.2626263101010101	2.438166155176725
0.2727273181818182	2.4349805572714103
0.28282832626262633	2.431538167244358
0.2929293343434344	2.4278284531640795
0.3030303424242425	2.4238409543986323
0.31313135050505053	2.419565295102279
0.32323235858585864	2.414991193726739
0.33333336666666674	2.410108467830766
0.3434343747474748	2.404907034686758
0.3535353828282829	2.399376908147412
0.36363639090909095	2.393508191490569
0.37373739898989905	2.387291066989667
0.38383840707070715	2.380715782342105
0.3939394151515152	2.373772634289627
0.4040404232323233	2.3664519497023857
0.41414143131313136	2.3587440643614013
0.42424243939393946	2.3506392996480376
0.43434344747474757	2.342127937298764
0.4444444555555556	2.333200192338929
0.4545454636363637	2.323846184271676
0.46464647171717177	2.314055906547991
0.4747474797979799	2.3038191943041775
0.4848484878787879	2.293125690304979
0.49494949595959603	2.2819648089884628
0.5050505040404041	2.270325698467768
0.5151515121212121	2.2581972002887696
0.5252525202020202	2.2455678067058096
0.5353535282828283	2.2324256151748973
0.5454545363636364	2.218758279717052
0.5555555444444444	2.2045529587320734
0.5656565525252526	2.1897962587833506
0.5757575606060606	2.1744741737830227
0.5858585686868687	2.1585720189233695
0.5959595767676769	2.1420743585894804
0.6060605848484849	2.124964927361977
0.616161592929293	2.1072265430696304
0.626262601010101	2.0888410106748343
0.6363636090909092	2.069789015561327
0.6464646171717172	2.050050004536967
0.6565656252525253	2.0296020525526983
0.6666666333333334	2.0084217127531323
0.6767676414141415	1.9864838470316155
0.6868686494949495	1.9637614336328666
0.6969696575757576	1.9402253477011264
0.7070706656565657	1.9158441097010581
0.7171716737373738	1.8905835955832344
0.7272726818181818	1.8644067010417034
0.73737368989899	1.8372729504769203
0.747474697979798	1.8091380387908071
0.7575757060606061	1.7799532911845313
0.7676767141414143	1.7496650218999006
0.7777777222222223	1.7182137676538258
0.7878787303030304	1.6855333639977224
0.7979797383838384	1.6515498232004002
0.8080807464646466	1.616179958458753
0.8181817545454546	1.5793296801345886
0.8282827626262627	1.5408918626932235
0.8383837707070708	1.500743641503705
0.8484847787878789	1.4587429407624652
0.8585857868686869	1.4147239458977157
0.8686867949494951	1.3684910985363101
0.8787878030303031	1.3198109760767436
0.8888888111111112	1.2684010645955441
0.8989898191919192	1.2139138315942497
0.9090908272727274	1.155913437383351
0.9191918353535354	1.093840433119389
0.9292928434343435	1.02695585464681
0.9393938515151516	0.9542477433870106
0.9494948595959597	0.8742636033398001
0.9595958676767677	0.7847810913922535
0.9696968757575758	0.6820712097304914
0.979797883838384	0.5588873655170515
0.989898891919192	0.3965882127737288
0.9999999	0.0012522021033856568
